0 0.10703125 0.1625 0.14140625 0.2875
0 0.30625 0.13828125 0.146875 0.2765625
0 0.31875 0.32109375 0.1375 0.23671875
0 0.23828125 0.42578125 0.140625 0.30078125
0 0.0578125 0.60546875 0.11328125 0.33203125
0 0.23671875 0.784375 0.15078125 0.321875
0 0.37109375 0.640625 0.1421875 0.31484375
0 0.53984375 0.57578125 0.13828125 0.309375
0 0.53515625 0.2828125 0.16484375 0.33515625
0 0.42109375 0.23203125 0.0984375 0.24765625
0 0.54375 0.09375 0.140625 0.18671875
0 0.65625 0.278125 0.0953125 0.2859375
0 0.75546875 0.3328125 0.14453125 0.22734375
0 0.84296875 0.453125 0.18203125 0.35625
0 0.91953125 0.24921875 0.1609375 0.2828125
0 0.74609375 0.1859375 0.1421875 0.17734375
0 0.70234375 0.80078125 0.14609375 0.27890625
0 0.43671875 0.88125 0.1703125 0.2375