1 0.32578125 0.21796875 0.11171875 0.19375
1 0.19765625 0.39609375 0.07578125 0.146875
1 0.0984375 0.55 0.05859375 0.12578125
1 0.03671875 0.6453125 0.0546875 0.1109375
1 0.17578125 0.6578125 0.0578125 0.1046875
1 0.2546875 0.68203125 0.05 0.12109375
1 0.53984375 0.70859375 0.06640625 0.12734375
1 0.76484375 0.3609375 0.07734375 0.190625
1 0.8984375 0.40390625 0.0984375 0.1734375
1 0.9609375 0.6140625 0.06171875 0.15859375
1 0.9046875 0.72109375 0.0515625 0.0890625
1 0.78828125 0.66953125 0.071875 0.15859375
1 0.7328125 0.7390625 0.05234375 0.1359375